0.504349 0.092993 0.000015 0.000010 0.000010 0.000010 0.000010 0.000010 0.000010 0.000010 0.000018 0.000010 0.402505 0.000010 0.000010 0.000010 0.000010
0.000010 0.000010 0.000010 0.132979 0.000010 0.435012 0.000010 0.000010 0.000010 0.000010 0.000010 0.000010 0.006810 0.000010 0.000010 0.425069 0.000010
0.000010 0.135108 0.000010 0.133121 0.000010 0.000010 0.000010 0.090350 0.000010 0.116497 0.000010 0.000010 0.049931 0.000010 0.000010 0.474884 0.000010
0.000010 0.000010 0.000010 0.000010 0.883497 0.065948 0.000010 0.000010 0.000010 0.000010 0.000010 0.000010 0.000010 0.000010 0.000010 0.050415 0.000010
0.000010 0.000010 0.000010 0.000010 0.000010 0.000010 0.000010 0.000010 0.146620 0.000010 0.000010 0.000010 0.853230 0.000010 0.000010 0.000010 0.000010
0.000010 0.000010 0.000010 0.000010 0.000010 0.000010 0.023615 0.000010 0.000010 0.947819 0.000010 0.000010 0.011412 0.017024 0.000010 0.000010 0.000010
0.000010 0.000010 0.000010 0.000010 0.000010 0.000010 0.000010 0.000010 0.000010 0.000010 0.045984 0.650684 0.000010 0.000010 0.303192 0.000010 0.000010
0.000010 0.000010 0.516356 0.000010 0.000010 0.000010 0.102264 0.000010 0.000010 0.000010 0.000010 0.000012 0.000010 0.000010 0.000010 0.381239 0.000010
0.142653 0.000010 0.000010 0.097061 0.000010 0.683690 0.000010 0.004536 0.000010 0.000010 0.000010 0.071939 0.000010 0.000010 0.000010 0.000010 0.000010
0.000010 0.000010 0.078820 0.000010 0.001186 0.000010 0.000010 0.919854 0.000010 0.000010 0.000010 0.000010 0.000010 0.000010 0.000010 0.000010 0.000010
0.000010 0.218975 0.000010 0.000010 0.060114 0.000010 0.720772 0.000010 0.000010 0.000010 0.000010 0.000010 0.000010 0.000010 0.000010 0.000010 0.000010
0.000010 0.000010 0.000010 0.000010 0.105881 0.000010 0.000010 0.000010 0.000010 0.000010 0.000010 0.000010 0.000010 0.000010 0.644974 0.000010 0.249005
0.000010 0.556945 0.000010 0.000010 0.000010 0.018992 0.131852 0.000010 0.000010 0.000010 0.000010 0.000010 0.000010 0.000010 0.000010 0.000010 0.292081
0.000015 0.000010 0.000010 0.000010 0.000010 0.000010 0.000010 0.000010 0.887699 0.000010 0.000010 0.112146 0.000010 0.000010 0.000010 0.000010 0.000010
0.000010 0.000010 0.000010 0.000010 0.000010 0.250093 0.000010 0.000010 0.000010 0.018987 0.093786 0.000010 0.000010 0.637004 0.000010 0.000010 0.000010
0.000010 0.000010 0.273064 0.726785 0.000010 0.000010 0.000010 0.000010 0.000010 0.000010 0.000010 0.000011 0.000010 0.000010 0.000011 0.000010 0.000010
0.000010 0.000010 0.000010 0.000010 0.000010 0.000010 0.000010 0.000010 0.000010 0.000010 0.000010 0.000010 0.000010 0.749653 0.024809 0.225398 0.000010
0.000010 0.000010 0.000010 0.000010 0.000010 0.000010 0.000010 0.000010 0.161531 0.207468 0.000010 0.054357 0.000010 0.000010 0.000010 0.142282 0.434242
0.000010 0.000010 0.000010 0.008489 0.000010 0.000010 0.000010 0.000010 0.000010 0.000010 0.937669 0.000010 0.000010 0.000010 0.000010 0.000010 0.053701
