0.006501 0.992719 0.000010 0.000010 0.000010 0.000309 0.000010 0.000010 0.000010 0.000010 0.000010 0.000010 0.000361 0.000010 0.000010
0.000010 0.000010 0.000010 0.006409 0.000010 0.923108 0.000010 0.000010 0.000010 0.070363 0.000010 0.000010 0.000010 0.000010 0.000010
0.000010 0.000010 0.898170 0.000010 0.000010 0.073323 0.000010 0.000010 0.000010 0.000010 0.000010 0.000010 0.000010 0.028388 0.000010
0.000010 0.000010 0.000010 0.000010 0.000010 0.000010 0.000010 0.000010 0.000010 0.000010 0.166190 0.000010 0.000010 0.833680 0.000010
0.124521 0.000010 0.000010 0.000010 0.000010 0.000010 0.003375 0.000010 0.832313 0.000010 0.000010 0.000010 0.036086 0.003605 0.000010
0.919067 0.067820 0.000010 0.012994 0.000010 0.000010 0.000010 0.000010 0.000010 0.000010 0.000010 0.000010 0.000010 0.000010 0.000010
0.000010 0.000010 0.000010 0.000010 0.076689 0.000010 0.000010 0.000010 0.056197 0.000010 0.000010 0.000010 0.000010 0.866994 0.000010
0.000010 0.167939 0.000010 0.000010 0.000010 0.000010 0.000010 0.000010 0.778396 0.000010 0.000010 0.053545 0.000010 0.000010 0.000010
0.000010 0.005749 0.000010 0.000010 0.000010 0.087995 0.000010 0.000010 0.000010 0.000010 0.000010 0.000010 0.000010 0.000010 0.906135
0.000010 0.000010 0.000010 0.000010 0.000010 0.000010 0.232893 0.000010 0.000010 0.695244 0.000010 0.000010 0.011386 0.000010 0.060367
0.000010 0.000010 0.000010 0.000010 0.000010 0.014782 0.000010 0.033556 0.000010 0.000010 0.951541 0.000010 0.000010 0.000010 0.000010
0.000010 0.000010 0.000010 0.000010 0.000010 0.000010 0.075760 0.000010 0.000010 0.914284 0.000010 0.009836 0.000010 0.000010 0.000010
0.052534 0.000010 0.000010 0.001028 0.000010 0.000010 0.000010 0.832526 0.000010 0.000010 0.107333 0.006002 0.000010 0.000487 0.000010
0.000010 0.000010 0.000010 0.000010 0.000010 0.000010 0.948363 0.000010 0.046391 0.000010 0.005126 0.000010 0.000010 0.000010 0.000010
0.000010 0.009912 0.000010 0.000010 0.000010 0.000010 0.000010 0.000010 0.000010 0.000010 0.016303 0.000010 0.972192 0.001483 0.000010
0.043304 0.000010 0.000010 0.000010 0.926587 0.000010 0.000010 0.000010 0.000010 0.000010 0.000010 0.000010 0.000010 0.000010 0.029989
0.000010 0.000010 0.000010 0.039816 0.000010 0.000010 0.000010 0.000010 0.000010 0.000010 0.000010 0.960054 0.000010 0.000010 0.000010
0.000010 0.000010 0.034603 0.965267 0.000010 0.000010 0.000010 0.000010 0.000010 0.000010 0.000010 0.000010 0.000010 0.000010 0.000010
0.000010 0.000010 0.890925 0.000010 0.000010 0.000010 0.000010 0.000010 0.079560 0.023298 0.000010 0.000010 0.000010 0.006107 0.000010
