0.092651 0.674806 0.000010 0.000010 0.017191 0.000010 0.000010 0.000010 0.005852 0.000010 0.053818 0.000010 0.155542 0.000010 0.000010 0.000010 0.000010 0.000010 0.000010 0.000010
0.000010 0.000010 0.459742 0.000010 0.103698 0.000010 0.008734 0.000010 0.000010 0.000010 0.000010 0.000010 0.282058 0.000010 0.000010 0.090856 0.000010 0.054773 0.000010 0.000010
0.000010 0.000010 0.000010 0.016458 0.000010 0.000010 0.000010 0.000010 0.000010 0.060857 0.000010 0.000010 0.030050 0.000010 0.000010 0.691177 0.066014 0.000010 0.135304 0.000010
0.000010 0.000010 0.000010 0.000010 0.000010 0.000010 0.014752 0.000010 0.000010 0.000010 0.000010 0.000010 0.000010 0.000010 0.000010 0.346828 0.501011 0.000010 0.076331 0.060928
0.126688 0.000010 0.000010 0.000010 0.000010 0.000010 0.000010 0.000010 0.000010 0.000010 0.000010 0.000010 0.000010 0.000010 0.754992 0.000010 0.000010 0.000010 0.118151 0.000010
0.000010 0.000010 0.000010 0.000010 0.000010 0.000010 0.156832 0.000010 0.000010 0.000010 0.000010 0.000010 0.000010 0.811098 0.000010 0.000010 0.031901 0.000010 0.000010 0.000010
0.000010 0.067953 0.000010 0.000010 0.000010 0.137959 0.134083 0.000010 0.000010 0.000010 0.000010 0.000010 0.000010 0.000010 0.588096 0.000010 0.000010 0.000010 0.000010 0.071759
0.000010 0.199042 0.000010 0.000010 0.000010 0.000010 0.000010 0.000010 0.000010 0.000010 0.000010 0.000010 0.000010 0.000010 0.000010 0.446886 0.000010 0.353903 0.000010 0.000010
0.835738 0.000010 0.000010 0.000010 0.000010 0.000010 0.000010 0.000010 0.000010 0.000010 0.000010 0.046188 0.000010 0.000010 0.023188 0.000010 0.094726 0.000010 0.000010 0.000010
0.064472 0.000010 0.000010 0.000010 0.000010 0.000010 0.000010 0.645570 0.000010 0.000010 0.001052 0.192021 0.000010 0.000010 0.000010 0.000010 0.000010 0.000010 0.000010 0.096735
0.000010 0.223549 0.000010 0.638779 0.000010 0.071396 0.000010 0.000010 0.000010 0.015144 0.000010 0.050982 0.000010 0.000010 0.000010 0.000010 0.000010 0.000010 0.000010 0.000010
0.048831 0.000010 0.073943 0.000010 0.000010 0.000010 0.000010 0.046634 0.000010 0.548264 0.000010 0.000010 0.006796 0.000010 0.000010 0.000010 0.000010 0.000010 0.000010 0.275393
0.000010 0.000010 0.000010 0.307602 0.000010 0.000010 0.000010 0.000010 0.000010 0.000010 0.000010 0.436891 0.000010 0.000010 0.000010 0.000010 0.000010 0.229595 0.025751 0.000010
0.000010 0.000010 0.000010 0.000010 0.000010 0.000010 0.000010 0.000010 0.000010 0.013376 0.000010 0.000010 0.617622 0.000010 0.000010 0.000010 0.000010 0.014845 0.311379 0.042628
0.000010 0.000010 0.000010 0.000010 0.000010 0.418792 0.138267 0.123854 0.000010 0.000010 0.318927 0.000010 0.000010 0.000010 0.000010 0.000010 0.000010 0.000010 0.000010 0.000010
0.000010 0.000010 0.000010 0.000010 0.473044 0.164276 0.000010 0.000010 0.000010 0.095675 0.000010 0.000010 0.000010 0.000010 0.000010 0.000010 0.266845 0.000010 0.000010 0.000010
0.000010 0.000010 0.221228 0.000533 0.570229 0.000010 0.000010 0.000010 0.063299 0.000010 0.000010 0.000010 0.000010 0.000010 0.000010 0.006325 0.000010 0.000010 0.000010 0.138246
0.000010 0.000010 0.000010 0.000010 0.000010 0.000010 0.081597 0.000010 0.918223 0.000010 0.000010 0.000010 0.000010 0.000010 0.000010 0.000010 0.000010 0.000010 0.000010 0.000010
0.000010 0.004577 0.000010 0.000010 0.000010 0.000010 0.000010 0.000010 0.008782 0.000010 0.553984 0.000010 0.000010 0.047290 0.000010 0.000010 0.178495 0.000010 0.206732 0.000010
