0.047884 0.533181 0.000010 0.000010 0.000010 0.044394 0.000010 0.000010 0.078656 0.000010 0.115437 0.000010 0.037200 0.000010 0.064906 0.000010 0.000010 0.015971 0.062271
0.000010 0.063729 0.000010 0.384567 0.000010 0.042138 0.000010 0.049156 0.000010 0.000010 0.031418 0.000010 0.000010 0.326957 0.000010 0.000010 0.101916 0.000010 0.000010
0.000010 0.000010 0.000010 0.000010 0.000010 0.000010 0.000010 0.000010 0.000010 0.000010 0.000010 0.000010 0.000010 0.000010 0.168684 0.000010 0.000010 0.831146 0.000010
0.000010 0.000010 0.000010 0.000010 0.000010 0.000010 0.000010 0.022795 0.000010 0.551290 0.000010 0.000010 0.000010 0.000010 0.000010 0.000010 0.000010 0.000010 0.425754
0.376391 0.000010 0.142381 0.065267 0.114360 0.000010 0.000010 0.000010 0.000010 0.000010 0.000010 0.000010 0.000010 0.000010 0.000010 0.000010 0.000010 0.000010 0.301461
0.000010 0.000010 0.000010 0.256242 0.000010 0.000010 0.035875 0.000010 0.032408 0.000010 0.000010 0.119491 0.000010 0.000010 0.000010 0.011688 0.000010 0.106505 0.437671
0.000010 0.000010 0.372572 0.000010 0.000010 0.000010 0.000010 0.627258 0.000010 0.000010 0.000010 0.000010 0.000010 0.000010 0.000010 0.000010 0.000010 0.000010 0.000010
0.000010 0.233689 0.000010 0.000010 0.000010 0.000010 0.121279 0.000010 0.208171 0.000010 0.045436 0.000010 0.000010 0.000010 0.321916 0.000010 0.069379 0.000010 0.000010
0.000010 0.000010 0.000010 0.112246 0.000010 0.007044 0.000010 0.000010 0.880550 0.000010 0.000010 0.000010 0.000010 0.000010 0.000010 0.000010 0.000010 0.000010 0.000010
0.009486 0.000010 0.000010 0.043020 0.000010 0.329070 0.000010 0.000010 0.000010 0.024106 0.000010 0.000010 0.000010 0.000010 0.000010 0.000010 0.594178 0.000010 0.000010
0.000010 0.000010 0.000010 0.000010 0.000010 0.000010 0.000010 0.000010 0.000010 0.000010 0.000010 0.299541 0.000010 0.146304 0.000010 0.553995 0.000010 0.000010 0.000010
0.046753 0.000010 0.000010 0.000010 0.000010 0.000010 0.000010 0.000010 0.000010 0.000010 0.000010 0.154378 0.000010 0.206552 0.000010 0.000010 0.592167 0.000010 0.000010
0.000010 0.216609 0.000010 0.000010 0.060012 0.000010 0.000010 0.000010 0.000010 0.000010 0.000010 0.087880 0.000010 0.000010 0.000010 0.635349 0.000010 0.000010 0.000010
0.000010 0.000010 0.000010 0.000010 0.509551 0.000010 0.000010 0.000010 0.000010 0.000010 0.490279 0.000010 0.000010 0.000010 0.000010 0.000010 0.000010 0.000010 0.000010
0.000010 0.000010 0.000010 0.182433 0.000010 0.000010 0.327923 0.000010 0.000010 0.000010 0.079204 0.022317 0.358747 0.027327 0.000010 0.001930 0.000010 0.000010 0.000010
0.650245 0.000010 0.187413 0.000010 0.000010 0.094318 0.000010 0.000010 0.000010 0.000010 0.000010 0.000010 0.000010 0.058582 0.009303 0.000010 0.000010 0.000010 0.000010
0.000010 0.031807 0.000010 0.000010 0.000010 0.056763 0.000010 0.000010 0.000010 0.000010 0.000010 0.000010 0.656283 0.000010 0.000010 0.000010 0.000010 0.000010 0.254997
0.000010 0.075668 0.351519 0.000010 0.000010 0.006524 0.000010 0.000010 0.118914 0.000010 0.000010 0.000010 0.082300 0.000010 0.000010 0.104570 0.234518 0.025877 0.000010
0.000010 0.000010 0.000010 0.000010 0.000010 0.000010 0.726666 0.000010 0.000010 0.017466 0.000010 0.000010 0.000010 0.000010 0.255708 0.000010 0.000010 0.000010 0.000010
