0.070914 0.774503 0.000010 0.000010 0.000010 0.000010 0.000010 0.000010 0.000010 0.000010 0.011430 0.000010 0.134398 0.000010 0.000010 0.000010 0.000010 0.008624
0.000010 0.000010 0.221205 0.000010 0.181603 0.000010 0.044635 0.000010 0.000010 0.000010 0.000010 0.000010 0.000010 0.000010 0.552417 0.000010 0.000010 0.000010
0.000010 0.252195 0.000010 0.000010 0.000010 0.000010 0.000010 0.333166 0.000010 0.000010 0.000010 0.000010 0.000010 0.147302 0.015161 0.097880 0.154177 0.000010
0.000010 0.784859 0.128476 0.000010 0.022461 0.000010 0.000010 0.000010 0.000010 0.000010 0.000010 0.000010 0.044038 0.000010 0.020036 0.000010 0.000010 0.000010
0.000010 0.000010 0.000010 0.178710 0.606863 0.000010 0.000011 0.000010 0.186209 0.028077 0.000010 0.000010 0.000010 0.000010 0.000010 0.000010 0.000010 0.000010
0.000010 0.000010 0.000010 0.000010 0.629033 0.000010 0.000010 0.000010 0.282724 0.000010 0.000010 0.004398 0.000010 0.000010 0.000010 0.000010 0.083705 0.000010
0.009719 0.000010 0.000010 0.000010 0.000010 0.465765 0.000010 0.000010 0.510265 0.000010 0.000010 0.000010 0.000010 0.011648 0.000010 0.000010 0.000010 0.002474
0.177892 0.000010 0.000017 0.000010 0.000010 0.000010 0.000010 0.000010 0.558725 0.000010 0.011465 0.000010 0.000010 0.053762 0.000010 0.198020 0.000010 0.000010
0.000010 0.000010 0.000010 0.000010 0.000010 0.000010 0.000010 0.000010 0.000010 0.000010 0.000010 0.169378 0.000010 0.000010 0.000010 0.000010 0.830462 0.000010
0.000010 0.000010 0.000010 0.000010 0.000010 0.000010 0.000010 0.312799 0.000010 0.022134 0.000010 0.000010 0.530460 0.000010 0.134467 0.000010 0.000010 0.000010
0.000010 0.000010 0.000010 0.000010 0.000010 0.000010 0.000010 0.268436 0.000010 0.000010 0.046705 0.684709 0.000010 0.000010 0.000010 0.000010 0.000010 0.000010
0.000010 0.000010 0.000010 0.607081 0.000010 0.058227 0.000010 0.299856 0.000010 0.000010 0.000010 0.000010 0.034696 0.000010 0.000010 0.000010 0.000010 0.000010
0.000010 0.000010 0.000010 0.008339 0.060322 0.000010 0.099652 0.032651 0.000010 0.016078 0.057974 0.071800 0.000010 0.653083 0.000010 0.000010 0.000010 0.000010
0.000010 0.000010 0.000010 0.000010 0.000010 0.000010 0.000010 0.000010 0.000017 0.257047 0.000010 0.000010 0.000010 0.000010 0.000010 0.000010 0.000010 0.742787
0.000010 0.000010 0.000010 0.000010 0.000010 0.131178 0.868662 0.000010 0.000010 0.000010 0.000010 0.000010 0.000010 0.000010 0.000010 0.000010 0.000010 0.000010
0.000010 0.000010 0.005451 0.000010 0.000010 0.000010 0.000010 0.000010 0.008865 0.000010 0.000010 0.000010 0.000010 0.000010 0.000010 0.894167 0.008801 0.082586
0.000011 0.000010 0.713071 0.000010 0.000010 0.000010 0.000010 0.000010 0.000010 0.112639 0.151176 0.000010 0.022972 0.000010 0.000010 0.000010 0.000010 0.000010
0.000010 0.000010 0.000010 0.057265 0.000010 0.000010 0.000010 0.000010 0.000010 0.000010 0.819097 0.000010 0.000010 0.000010 0.000010 0.000010 0.096948 0.026551
0.760189 0.053737 0.000010 0.000010 0.000010 0.000010 0.000010 0.000010 0.000010 0.000010 0.000010 0.000010 0.000010 0.000010 0.137094 0.048839 0.000010 0.000010
