0.012677 0.976453 0.000010 0.000010 0.000010 0.000010 0.000010 0.000010 0.000010 0.000010 0.000010 0.000010 0.010741 0.000010 0.000010 0.000010
0.000010 0.000010 0.000010 0.000010 0.119665 0.000010 0.154435 0.000010 0.720248 0.001520 0.001354 0.000010 0.002678 0.000010 0.000010 0.000010
0.142838 0.000010 0.000010 0.852322 0.000010 0.000010 0.000010 0.000010 0.000010 0.000010 0.000010 0.000010 0.000010 0.004710 0.000010 0.000010
0.000010 0.000010 0.000010 0.000010 0.000010 0.000010 0.000010 0.976450 0.007128 0.000010 0.016292 0.000010 0.000010 0.000010 0.000010 0.000010
0.000010 0.000010 0.000010 0.000010 0.042484 0.000010 0.000010 0.000010 0.000010 0.000010 0.000010 0.000672 0.862508 0.087259 0.000010 0.006967
0.040985 0.017842 0.000010 0.000010 0.000010 0.002905 0.031537 0.000010 0.000010 0.000010 0.007615 0.006617 0.000620 0.000010 0.891798 0.000010
0.000010 0.000010 0.000010 0.000010 0.000010 0.022980 0.000010 0.261775 0.000010 0.000010 0.698871 0.000010 0.016255 0.000010 0.000010 0.000010
0.000010 0.032356 0.000010 0.000010 0.967504 0.000010 0.000010 0.000010 0.000010 0.000010 0.000010 0.000010 0.000010 0.000010 0.000010 0.000010
0.000010 0.000010 0.000010 0.000010 0.000010 0.006162 0.974648 0.000010 0.000010 0.000010 0.004314 0.000010 0.000010 0.014755 0.000010 0.000010
0.000010 0.000010 0.000010 0.000010 0.000010 0.000010 0.000010 0.000010 0.000010 0.000010 0.000010 0.889912 0.000010 0.014029 0.000010 0.095929
0.923659 0.000010 0.000010 0.000010 0.000010 0.000010 0.000010 0.000010 0.000010 0.076201 0.000010 0.000010 0.000010 0.000010 0.000010 0.000010
0.120887 0.000023 0.001539 0.000010 0.000010 0.000010 0.000010 0.005227 0.000010 0.000010 0.000015 0.070046 0.000010 0.000010 0.000010 0.802173
0.000010 0.000010 0.000010 0.000010 0.000010 0.000010 0.000010 0.000010 0.000010 0.973774 0.000010 0.000010 0.000010 0.026086 0.000010 0.000010
0.000010 0.015171 0.000010 0.016996 0.000010 0.000010 0.000010 0.000010 0.000010 0.000010 0.000010 0.000010 0.808936 0.009956 0.144157 0.004685
0.000010 0.000010 0.001193 0.000010 0.000010 0.932107 0.001297 0.000010 0.057941 0.001801 0.000010 0.000010 0.000010 0.000010 0.000010 0.005561
0.000010 0.000010 0.000010 0.665373 0.000010 0.000010 0.000010 0.004597 0.000010 0.000010 0.000010 0.329900 0.000010 0.000010 0.000010 0.000010
0.000010 0.034845 0.961876 0.000010 0.000010 0.000010 0.000010 0.000010 0.000010 0.000010 0.000010 0.000010 0.000010 0.002654 0.000010 0.000504
0.000010 0.000010 0.000010 0.004668 0.000010 0.000010 0.011425 0.000010 0.000010 0.002875 0.000010 0.000010 0.000010 0.966591 0.000010 0.014331
0.000010 0.000010 0.049100 0.000010 0.000010 0.001695 0.000010 0.000010 0.000010 0.000010 0.944790 0.000010 0.000013 0.004293 0.000010 0.000010
