0.000010 0.000010 0.999930 0.000010 0.000010 0.000010 0.000010 0.000010
0.000010 0.000010 0.999930 0.000010 0.000010 0.000010 0.000010 0.000010
0.000010 0.000010 0.767834 0.000010 0.000010 0.136396 0.000010 0.095721
0.650568 0.000010 0.000010 0.000010 0.000010 0.000010 0.143464 0.205919
0.741177 0.000010 0.000010 0.000010 0.000010 0.000010 0.055135 0.203638
0.000010 0.000010 0.000010 0.000010 0.000010 0.000010 0.000010 0.999930
0.000010 0.000010 0.000010 0.000010 0.000010 0.000010 0.000010 0.999930
0.262399 0.204665 0.000010 0.166390 0.061736 0.073332 0.000010 0.231457
0.000010 0.000010 0.000010 0.000010 0.999930 0.000010 0.000010 0.000010
0.000010 0.000018 0.000010 0.000010 0.000010 0.433485 0.566447 0.000010
0.000010 0.000010 0.000010 0.000010 0.000010 0.000010 0.999930 0.000010
0.000010 0.000010 0.000010 0.000010 0.000010 0.000010 0.999930 0.000010
0.397783 0.201794 0.000010 0.174393 0.000010 0.065353 0.000010 0.160647
0.232354 0.211054 0.014373 0.133962 0.187533 0.000010 0.000010 0.220705
0.000010 0.000010 0.000010 0.000010 0.999930 0.000010 0.000010 0.000010
0.000010 0.000010 0.000010 0.000010 0.999930 0.000010 0.000010 0.000010
0.000010 0.000017 0.000010 0.000010 0.000010 0.000010 0.999923 0.000010
0.000010 0.000010 0.000010 0.000010 0.000010 0.999930 0.000010 0.000010
0.000010 0.000010 0.000010 0.000010 0.000010 0.383042 0.616898 0.000010
0.000010 0.000010 0.000010 0.000010 0.000010 0.306221 0.693719 0.000010
0.999929 0.000010 0.000010 0.000010 0.000010 0.000010 0.000011 0.000010
0.000010 0.000010 0.000010 0.000010 0.999930 0.000010 0.000010 0.000010
0.000010 0.000010 0.000010 0.000010 0.000010 0.743339 0.256601 0.000010
0.000010 0.000010 0.000010 0.999928 0.000012 0.000010 0.000010 0.000010
0.000010 0.000010 0.000010 0.999930 0.000010 0.000010 0.000010 0.000010
0.000010 0.999930 0.000010 0.000010 0.000010 0.000010 0.000010 0.000010
0.000010 0.999930 0.000010 0.000010 0.000010 0.000010 0.000010 0.000010
0.070652 0.000010 0.000010 0.000010 0.000010 0.650258 0.279039 0.000010
0.000010 0.000017 0.000010 0.000010 0.000010 0.999923 0.000010 0.000010
0.000010 0.000010 0.000010 0.000010 0.000010 0.999930 0.000010 0.000010
0.000010 0.000010 0.000010 0.999930 0.000010 0.000010 0.000010 0.000010
0.000010 0.999930 0.000010 0.000010 0.000010 0.000010 0.000010 0.000010
0.000010 0.999927 0.000013 0.000010 0.000010 0.000010 0.000010 0.000010
0.628881 0.000010 0.000010 0.016942 0.000010 0.000010 0.000010 0.354127
0.999927 0.000010 0.000010 0.000011 0.000013 0.000010 0.000010 0.000010
0.000010 0.000010 0.000010 0.000010 0.000010 0.410368 0.589572 0.000010
0.000010 0.000010 0.000010 0.999929 0.000011 0.000010 0.000010 0.000010
0.000010 0.999925 0.000010 0.000010 0.000015 0.000010 0.000010 0.000010
0.270894 0.150078 0.092576 0.078901 0.171621 0.064926 0.000010 0.170994
0.321396 0.167452 0.000010 0.071077 0.213430 0.091819 0.000010 0.134807
0.000010 0.000010 0.000010 0.999930 0.000010 0.000010 0.000010 0.000010
0.000010 0.000014 0.000010 0.999926 0.000010 0.000010 0.000010 0.000010
0.000010 0.000010 0.000010 0.999930 0.000010 0.000010 0.000010 0.000010
0.000010 0.999927 0.000013 0.000010 0.000010 0.000010 0.000010 0.000010
0.000013 0.000010 0.000010 0.010964 0.000010 0.000010 0.000010 0.988973
0.000010 0.000010 0.000010 0.011246 0.000010 0.000010 0.000010 0.988694
0.000010 0.000010 0.999930 0.000010 0.000010 0.000010 0.000010 0.000010
0.000010 0.000010 0.000014 0.000010 0.000010 0.000010 0.000010 0.999926
0.318507 0.177962 0.000010 0.082871 0.133763 0.120686 0.000010 0.166193
0.330173 0.164915 0.000010 0.103277 0.199906 0.000010 0.000010 0.201700
0.691317 0.000010 0.000010 0.000010 0.000010 0.000010 0.000010 0.308623
