0.668908 0.280494 0.000010 0.000010 0.000010 0.000010 0.050558
0.604739 0.273179 0.000010 0.000010 0.000010 0.000010 0.122042
0.544174 0.204238 0.000010 0.000010 0.004584 0.007445 0.239538
0.000010 0.625101 0.163835 0.000010 0.205895 0.005139 0.000010
0.000010 0.723644 0.000010 0.123898 0.149603 0.002825 0.000010
0.000010 0.000010 0.000010 0.000010 0.997410 0.002540 0.000010
0.000010 0.000010 0.000010 0.000010 0.997830 0.002120 0.000010
0.000010 0.000010 0.000010 0.999940 0.000010 0.000010 0.000010
0.999933 0.000012 0.000010 0.000014 0.000010 0.000010 0.000010
0.000016 0.073029 0.000010 0.000013 0.000010 0.000010 0.926912
0.000016 0.000010 0.111625 0.000010 0.000010 0.046432 0.841897
0.000010 0.000010 0.000010 0.000010 0.000010 0.000010 0.999940
0.000010 0.000010 0.000017 0.999933 0.000010 0.000010 0.000010
0.000010 0.000010 0.000010 0.981749 0.018201 0.000010 0.000010
0.999940 0.000010 0.000010 0.000010 0.000010 0.000010 0.000010
0.999932 0.000010 0.000010 0.000018 0.000010 0.000010 0.000010
0.000016 0.000014 0.000010 0.000013 0.000010 0.000010 0.999926
0.000010 0.000010 0.999940 0.000010 0.000010 0.000010 0.000010
0.000010 0.000010 0.000010 0.000010 0.000010 0.000010 0.999940
0.000020 0.000010 0.106586 0.000010 0.000012 0.000010 0.893352
0.000010 0.999940 0.000010 0.000010 0.000010 0.000010 0.000010
0.999937 0.000010 0.000013 0.000010 0.000010 0.000010 0.000010
0.000010 0.000010 0.325835 0.000010 0.000010 0.000010 0.674115
0.000019 0.000010 0.000010 0.000010 0.999926 0.000014 0.000010
0.000011 0.000010 0.000010 0.000012 0.999938 0.000010 0.000010
0.000010 0.000010 0.000010 0.000010 0.000010 0.999940 0.000010
0.000012 0.000010 0.000010 0.000010 0.000015 0.999933 0.000010
0.000010 0.000013 0.999937 0.000010 0.000010 0.000010 0.000010
0.000010 0.000010 0.999940 0.000010 0.000010 0.000010 0.000010
0.000015 0.000010 0.731218 0.000010 0.000010 0.000010 0.268727
0.000017 0.000010 0.000010 0.000010 0.999931 0.000011 0.000010
0.000014 0.000011 0.000010 0.000010 0.000010 0.999934 0.000010
0.000020 0.000010 0.000010 0.000010 0.000010 0.999930 0.000010
0.000010 0.626995 0.000010 0.000010 0.216971 0.155994 0.000010
0.000010 0.999939 0.000011 0.000010 0.000010 0.000010 0.000010
0.000010 0.000016 0.000010 0.000010 0.000010 0.000010 0.999934
0.000010 0.000010 0.000010 0.000010 0.999940 0.000010 0.000010
0.000010 0.000010 0.000010 0.000010 0.000010 0.999940 0.000010
0.000010 0.000018 0.000010 0.999932 0.000010 0.000010 0.000010
0.000010 0.000010 0.000010 0.999936 0.000010 0.000014 0.000010
0.000010 0.000010 0.000010 0.000010 0.999940 0.000010 0.000010
0.000010 0.000010 0.000010 0.000010 0.999940 0.000010 0.000010
0.000010 0.000010 0.000010 0.000010 0.999940 0.000010 0.000010
0.000010 0.000010 0.000010 0.000010 0.000010 0.999940 0.000010
0.000010 0.000010 0.000010 0.000010 0.707133 0.292817 0.000010
0.000010 0.000010 0.000010 0.000010 0.701418 0.298532 0.000010
0.591147 0.297082 0.000010 0.000010 0.000010 0.000010 0.111730
0.000010 0.000010 0.000010 0.000010 0.997638 0.002312 0.000010
0.000019 0.000010 0.000010 0.999930 0.000011 0.000010 0.000010
0.000010 0.000010 0.000010 0.999940 0.000010 0.000010 0.000010
0.000010 0.684214 0.000010 0.000010 0.297313 0.000010 0.018433
