0.000119 0.004120 0.984765 0.000010 0.010936 0.000010 0.000010 0.000010 0.000010 0.000010
0.000010 0.000010 0.003513 0.000010 0.000010 0.000010 0.000010 0.000010 0.996407 0.000010
0.000010 0.000010 0.379660 0.620260 0.000010 0.000010 0.000010 0.000010 0.000010 0.000010
0.000010 0.000010 0.814698 0.185222 0.000010 0.000010 0.000010 0.000010 0.000010 0.000010
0.202398 0.000010 0.000010 0.000010 0.000010 0.000010 0.797223 0.000010 0.000010 0.000309
0.747299 0.000010 0.000010 0.000011 0.000010 0.000436 0.252194 0.000010 0.000010 0.000010
0.082517 0.000010 0.000010 0.000010 0.000010 0.000010 0.917403 0.000010 0.000010 0.000010
0.405401 0.000010 0.000010 0.000010 0.000010 0.000010 0.594519 0.000010 0.000010 0.000010
0.000169 0.972053 0.000010 0.000010 0.002527 0.000010 0.000010 0.000010 0.025190 0.000010
0.000010 0.000010 0.000010 0.000010 0.999910 0.000010 0.000010 0.000010 0.000010 0.000010
0.000010 0.000010 0.000010 0.950530 0.049390 0.000010 0.000010 0.000010 0.000010 0.000010
0.000010 0.000010 0.000010 0.990205 0.009715 0.000010 0.000010 0.000010 0.000010 0.000010
0.000010 0.367085 0.446302 0.000010 0.186542 0.000010 0.000010 0.000010 0.000010 0.000010
0.000010 0.000010 0.000016 0.000015 0.001049 0.000010 0.016404 0.000010 0.000010 0.982465
0.000010 0.000010 0.000010 0.000010 0.000010 0.660730 0.000010 0.338769 0.000010 0.000431
0.000010 0.000010 0.000010 0.000010 0.000010 0.097903 0.000010 0.902017 0.000010 0.000010
0.992596 0.000010 0.000010 0.000010 0.000010 0.000016 0.000010 0.000010 0.000010 0.007318
0.353206 0.000010 0.000010 0.000010 0.000010 0.000011 0.646712 0.000010 0.000010 0.000010
