0.000010 0.858946 0.007909 0.000010 0.000010 0.133055 0.000010 0.000010 0.000010 0.000010 0.000010 0.000010
0.028467 0.000010 0.000010 0.000010 0.000016 0.000010 0.000010 0.000010 0.971251 0.000185 0.000011 0.000010
0.918317 0.025254 0.056339 0.000010 0.000010 0.000010 0.000010 0.000010 0.000010 0.000010 0.000010 0.000010
0.000010 0.687237 0.124049 0.000010 0.000010 0.188624 0.000010 0.000010 0.000010 0.000010 0.000010 0.000010
0.000010 0.000010 0.000010 0.000010 0.000017 0.000010 0.066163 0.915860 0.000010 0.000010 0.017880 0.000010
0.000010 0.000010 0.000010 0.000010 0.000011 0.000010 0.378603 0.000010 0.000010 0.522273 0.099033 0.000010
0.000010 0.000010 0.000010 0.000012 0.000010 0.000010 0.980291 0.019607 0.000010 0.000010 0.000010 0.000010
0.000010 0.000010 0.000010 0.000010 0.000010 0.000010 0.000010 0.017436 0.000010 0.027057 0.955417 0.000010
0.000010 0.000010 0.102835 0.000010 0.000010 0.000010 0.000010 0.000010 0.000010 0.000010 0.000827 0.896247
0.000010 0.000010 0.124963 0.000010 0.000010 0.874937 0.000010 0.000010 0.000010 0.000010 0.000010 0.000010
0.419390 0.000010 0.459441 0.000010 0.000010 0.121079 0.000010 0.000010 0.000010 0.000010 0.000010 0.000010
0.000010 0.000010 0.999890 0.000010 0.000010 0.000010 0.000010 0.000010 0.000010 0.000010 0.000010 0.000010
0.000010 0.260486 0.023523 0.000010 0.000010 0.446134 0.000010 0.000010 0.000010 0.000010 0.000010 0.269777
0.000010 0.000010 0.000010 0.000010 0.999404 0.000010 0.000496 0.000010 0.000010 0.000010 0.000010 0.000010
0.000010 0.000010 0.000010 0.987690 0.000010 0.000010 0.000010 0.000010 0.000010 0.009162 0.003057 0.000010
0.000010 0.000010 0.000010 0.989892 0.000010 0.000010 0.000010 0.010008 0.000010 0.000010 0.000010 0.000010
0.000010 0.000010 0.000010 0.000010 0.000010 0.000010 0.000010 0.000010 0.000010 0.999890 0.000010 0.000010
0.000010 0.000010 0.000010 0.000016 0.000010 0.000010 0.096154 0.450444 0.000010 0.221885 0.231432 0.000010
